========================================================================
 MONTHLY CLIMATOLOGY: ROBUST DESCRIPTIVE STATISTICS
 Entire Area (Morowali Coastal Waters)
 Bootstrap Median 95% CI  |  IQR  |  MAD  |  Skewness  |  Kurtosis
 Bootstrap iterations: 10000 | Seed: 42
 Author: Sandy H. S. Herho | Date: 2025/02/22
========================================================================

--- Kd490 [$\times 10^{-2}\ \mathrm{m^{-1}}$]  ---

Mon     N       Mean        Std     Median         Q1         Q3        IQR        MAD      CI_lo      CI_hi      Skew      Kurt
--------------------------------------------------------------------------------------------------------------------------------
Jan    27     3.6552     0.1520     3.6600     3.5294     3.7600     0.2306     0.1189     3.5703     3.7360   -0.0802   -1.1547
Feb    27     3.5406     0.1414     3.5514     3.4625     3.6565     0.1941     0.1010     3.4677     3.6064   -0.1646   -0.3062
Mar    27     3.4208     0.1314     3.4025     3.3186     3.4738     0.1552     0.0788     3.3351     3.4491    1.1368    1.0651
Apr    27     3.4347     0.1265     3.4213     3.3302     3.5006     0.1704     0.0939     3.3608     3.4732    0.5709   -0.3216
May    27     3.7305     0.1865     3.7395     3.5807     3.8199     0.2392     0.0923     3.6472     3.8056    1.0118    2.4078
Jun    27     4.1074     0.3057     4.0605     3.8964     4.2220     0.3256     0.1649     3.9327     4.2011    1.7923    5.0725
Jul    27     4.5300     0.3811     4.5338     4.3019     4.8035     0.5016     0.2493     4.3186     4.7778    0.0828   -0.0803
Aug    27     4.6244     0.4495     4.5699     4.2499     4.8400     0.5902     0.2707     4.3796     4.8355    0.8739    0.7744
Sep    27     4.3624     0.4163     4.2800     4.0248     4.6013     0.5765     0.2728     4.0867     4.5527    0.8170    0.6250
Oct    27     3.9711     0.2437     3.9204     3.8057     4.0916     0.2859     0.1367     3.8485     4.0136    0.9520    1.8564
Nov    27     3.7527     0.1610     3.7394     3.6188     3.8995     0.2807     0.1507     3.6706     3.8632   -0.0692   -1.0812
Dec    27     3.6828     0.1470     3.6732     3.6196     3.7581     0.1385     0.0701     3.6340     3.7351    0.3077   -0.0752

------------------------------------------------------------------------

--- Temperature [$\degree$C]  ---

Mon     N       Mean        Std     Median         Q1         Q3        IQR        MAD      CI_lo      CI_hi      Skew      Kurt
--------------------------------------------------------------------------------------------------------------------------------
Jan    27    29.9215     0.3508    29.8915    29.6685    30.1318     0.4634     0.2244    29.7014    30.0795    0.0759   -0.2428
Feb    27    29.7685     0.3163    29.6994    29.5447    29.9357     0.3910     0.2137    29.6010    29.9182    0.6324   -0.1548
Mar    27    29.9021     0.2398    29.8267    29.7298    30.0424     0.3126     0.1548    29.7651    30.0263    0.3743   -0.7786
Apr    27    29.9832     0.2446    30.0246    29.7672    30.1172     0.3501     0.2475    29.7771    30.0961    0.1312   -1.0705
May    27    29.5829     0.3711    29.5987    29.3283    29.7740     0.4457     0.2128    29.3899    29.6848    0.3343   -0.0583
Jun    27    28.8174     0.4413    28.6923    28.5110    29.1750     0.6640     0.2272    28.5275    28.9100    0.7469   -0.2254
Jul    27    28.0432     0.4418    27.9161    27.7400    28.2910     0.5510     0.3128    27.7731    28.2455    0.5632   -0.5888
Aug    27    27.6541     0.5054    27.6664    27.2619    28.0292     0.7674     0.4024    27.3691    27.9201   -0.0016   -0.6838
Sep    27    27.9890     0.5302    27.9629    27.6122    28.3517     0.7395     0.3978    27.6964    28.1949    0.2994   -0.8537
Oct    27    28.9928     0.5518    28.9824    28.7015    29.2649     0.5634     0.2823    28.7862    29.1986   -0.1231    0.3002
Nov    27    30.0238     0.2915    29.9752    29.8854    30.2565     0.3711     0.1688    29.9279    30.1439    0.1898   -0.1259
Dec    27    30.1967     0.3309    30.1990    29.9889    30.3568     0.3679     0.1990    30.0469    30.3020   -0.1192    0.1933

------------------------------------------------------------------------

--- Salinity [PSU]  ---

Mon     N       Mean        Std     Median         Q1         Q3        IQR        MAD      CI_lo      CI_hi      Skew      Kurt
--------------------------------------------------------------------------------------------------------------------------------
Jan    27    33.7528     0.2118    33.7869    33.5818    33.8598     0.2780     0.1484    33.6238    33.8479    0.1733   -0.3707
Feb    27    33.5216     0.2540    33.6064    33.3240    33.7559     0.4320     0.1919    33.4036    33.6730   -0.2909   -1.1278
Mar    27    33.2086     0.3336    33.2298    33.0451    33.4419     0.3968     0.1895    33.0792    33.3845   -0.3078   -0.1063
Apr    27    32.9539     0.4269    32.8841    32.7107    33.2628     0.5522     0.2815    32.7913    33.1802   -0.0929    0.7548
May    27    33.0363     0.4092    33.0991    32.7951    33.3085     0.5134     0.2701    32.8794    33.2823   -0.4162   -0.2530
Jun    27    33.1601     0.3712    33.2338    32.9656    33.3480     0.3823     0.1656    33.0683    33.3391   -0.5431    1.0736
Jul    27    33.3839     0.3803    33.4061    33.2379    33.6195     0.3816     0.1764    33.2782    33.5745   -0.9676    1.4923
Aug    27    33.5899     0.4362    33.7213    33.2815    33.9222     0.6406     0.2731    33.4387    33.9065   -0.7669    0.0496
Sep    27    33.7052     0.5243    33.7535    33.3742    34.1923     0.8181     0.4327    33.6161    34.1728   -0.7879   -0.2047
Oct    27    33.7592     0.5628    33.9589    33.4078    34.1650     0.7572     0.4031    33.4900    34.1364   -0.6947   -0.6853
Nov    27    33.8174     0.5339    34.0089    33.3734    34.2249     0.8515     0.3228    33.4902    34.1919   -0.5589   -0.8525
Dec    27    33.9013     0.3020    33.9543    33.6875    34.1461     0.4586     0.2255    33.7288    34.0869   -0.4103   -0.7586

------------------------------------------------------------------------

